2376206
1857160
1534042
1380145
1362755
1127803
1072335
858289
804240
783051
775072
762394
720370
710696
706372
698671
672711
666125
644368
639515
621536
605860
597718
593542
548369
509930
503028
501307
488521
473568
465948
463368
441242
440367
438986
420091
413477
413351
413086
412236
411770
388987
371953
367433
366215
362548
351848
342237
335663
325169
324246
317848
317070
312899
312615
311754
310125
300501
299463
294795
294403
276400
275041
270097
267443
265916
264752
263590
260385
254779
254121
253771
251772
249533
247299
242432
240751
239055
236713
233224
232511
231065
229390
228756
224824
223494
221040
220902
219961
217642
216553
215640
215432
214683
213737
212905
212644
210879
210426
210279
210094
208624
201650
198557
197212
195598
194331
194074
194067
193934
193443
193096
190760
190636
188464
187793
187473
185865
184420
183761
181934
181417
178414
178397
177213
176334
176094
175577
175429
171636
170635
168817
168814
168567
165473
163502
163481
163036
162933
162686
162153
161392
159989
159363
158241
158121
157475
156848
155484
155172
154934
154516
154410
153772
153618
152015
151986
150407
150299
150186
150166
149802
149664
149476
147909
147906
147357
146924
146440
146088
145565
145066
142256
141936
140786
139353
139335
139302
138811
138776
138742
138660
138028
137555
136955
136517
136315
136095
134443
134231
134066
134034
133474
133254
132645
132466
132457
131896
131860
131289
131020
130793
130419
129982
129405
129320
128935
128794
128727
127960
127073
126951
126399
126164
125653
125627
124839
124614
124321
124130
123952
122447
121684
121064
120124
119868
119778
119604
119175
118390
117939
117774
115540
115385
115186
114859
114448
114034
113892
113468
113160
112736
112406
112332
112216
112144
112136
111641
109634
109230
109079
107866
107777
107244
107158
106682
106631
106481
105804
105544
104962
104281
104007
103242
103216
102718
102620
102239
102044
101726
101676
100553
100491
100465
100417
99885
99392
99294
98993
98958
98728
98675
98610
98345
96569
96425
96303
95896
94603
94300
94152
93817
93743
93723
93161
93131
92834
92831
92660
92287
91338
90967
90618
90401
90325
90208
89591
89198
89178
88917
88811
88810
88326
88325
88114
88016
87949
87728
87373
87226
87038
86346
86317
86228
85221
85212
85037
84926
84710
84699
84353
84233
83849
83731
83523
83437
83112
82955
82258
82179
82037
81933
81890
81824
81805
81524
81191
81035
81022
80944
80936
80932
80616
80493
80190
80030
79951
79817
79685
79322
79151
78546
78323
78141
78107
77561
77492
77453
77429
77078
76868
76707
76625
76608
76539
76504
76477
76127
76114
75135
75135
75134
74839
74784
74756
74531
74285
73970
73750
73522
73518
73128
73071
73021
72892
72642
72627
72533
72414
72328
72248
72069
72052
71925
71754
71723
71604
71528
71482
71344
71175
71144
71103
70997
70333
70286
70211
70123
70095
69950
69843
69840
69810
69756
69279
69257
68905
68868
68785
68699
68309
68145
68075
68046
68021
67923
67646
67570
67210
67208
67154
67063
67054
66853
66738
66665
66622
66534
66515
66412
66378
66205
66203
65918
65817
65814
65802
65779
65719
65598
65269
65131
64815
64772
64576
64496
64305
64180
64141
63827
63825
63739
63149
63023
62663
62546
62534
62514
62344
62335
62234
62116
62034
61979
61805
61750
61747
61651
61619
61582
61400
61199
61154
60999
60874
60461
60045
59949
59843
59801
59731
59682
59660
59609
59227
59055
59020
58918
58788
58687
58555
58534
58257
58233
57935
57873
57859
57822
57786
57685
57357
57297
57210
57171
57163
57075
57030
56744
56618
56441
56153
56068
56068
55986
55973
55903
55821
55664
55512
55466
55391
55269
55185
55084
55057
54987
54924
54875
54706
54691
54672
54611
54588
54575
54450
54414
54401
54343
54296
54277
54206
54194
54026
53892
53771
53737
53475
53459
53198
53180
53161
52963
52689
52495
52490
52483
52473
52439
52260
52146
52138
52056
52004
51797
51796
51726
51679
51620
51518
51504
51500
51489
51380
51361
51336
51334
51177
51154
51095
51089
51021
51017
50980
50874
50852
50777
50748
50628
50608
50577
50482
50454
50351
50307
50166
50026
49925
49858
49754
49737
49725
49601
49556
49360
49330
49245
49241
49167
49158
49000
48833
48823
48656
48594
48580
48527
48480
48471
48462
48367
48355
48296
48282
48281
48126
47979
47857
47839
47809
47665
47615
47526
47503
47477
47470
47289
47286
47235
47220
47128
47050
46895
46747
46739
46713
46702
46682
46662
46609
46605
46574
46505
46495
46437
46412
46403
46264
46196
46179
46161
45850
45850
45815
45806
45782
45763
45689
45560
45349
45289
45044
45032
44902
44900
44874
44830
44715
44701
44698
44640
44626
44587
44570
44454
44421
44385
44245
44123
43919
43875
43770
43762
43720
43666
43666
43556
43555
43430
43395
43331
43310
43021
42955
42937
42884
42839
42820
42802
42758
42669
42663
42642
42597
42567
42512
42463
42441
42432
42369
42365
42357
42335
42281
42139
42139
42091
42080
42062
41879
41868
41863
41670
41664
41656
41561
41459
41452
41393
41348
41267
41231
41112
41104
41053
41007
40964
40923
40871
40794
40724
40708
40706
40663
40582
40555
40477
40453
40413
40339
40310
40283
40244
40224
40217
40203
40102
40086
40046
40030
40011
39909
39742
39601
39501
39440
39432
39402
39369
39270
39203
39166
39141
39111
39057
39002
38999
38975
38971
38914
38896
38844
38836
38759
38714
38705
38702
38691
38659
38557
38516
38464
38354
38340
38232
38158
38137
37962
37961
37903
37847
37833
37687
37678
37669
37662
37660
37591
37542
37470
37440
37353
37298
37237
37234
37201
37145
37125
37123
37116
37050
37032
37021
36948
36874
36862
36841
36833
36814
36813
36764
36729
36716
36694
36546
36539
36531
36442
36439
36433
36422
36421
36390
36288
36285
36242
36079
36037
36024
35980
35839
35718
35715
35701
35648
35616
35610
35599
35565
35554
35539
35521
35464
35453
35442
35400
35389
35387
35326
35282
35227
35196
35101
35074
35001
34999
34970
34888
34824
34812
34788
34786
34770
34763
34736
34698
34692
34684
34682
34675
34674
34650
34615
34575
34541
34498
34472
34472
34435
34430
34374
34352
34345
34278
34251
34233
34084
34079
34068
34050
34041
34032
34032
34031
33962
33922
33914
33868
33843
33797
33797
33773
33745
33717
33508
33494
33464
33441
33411
33348
33339
33239
33209
33202
33194
33126
33068
33040
32953
32925
32864
32772
32735
32676
32672
32654
32644
32567
32466
32433
32386
32377
32333
32287
32282
32242
32228
32174
32165
32147
32069
32044
32042
32015
31995
31964
31940
31896
31886
31882
31860